0 27 27
1 32 37
2 39 50
3 43 64
4 51 76
5 59 80
6 72 86
7 91 99
8 107 110
9 133 115
10 149 129
11 180 123
12 201 108
13 223 114
14 251 126
15 278 153
16 302 185
17 339 206
18 362 222
19 400 260
20 418 303
21 422 329
22 430 383
23 390 411
24 356 472
25 317 517
26 299 553
27 263 542
28 203 514
29 167 515
30 135 501
31 112 517
32 94 549
33 78 523
34 61 501
35 53 456
36 42 405
37 51 340
38 50 359
39 58 323
40 67 251
41 82 202
42 92 196
43 109 186
44 137 150
45 187 131
46 223 127
47 283 120
48 339 104
49 395 87
50 471 71
51 541 59
52 594 52
53 658 65
54 723 77
55 731 97
56 762 121
57 781 132
58 754 153
59 730 175
60 708 215
61 691 263
62 640 313
63 555 361
64 452 388
65 402 422
66 339 487
67 265 484
68 207 501
69 157 501
70 113 466
71 102 426
72 88 399
73 79 319
74 73 240
75 75 184
76 80 177
77 87 151
78 96 105
79 100 51
80 105 33
81 120 36
82 146 38
83 171 24
84 202 25
85 239 35
86 264 34
87 314 38
88 351 46
89 398 49
90 427 52
91 490 61
92 502 82
93 511 96
94 497 109
95 495 131
96 502 162
97 475 180
98 470 194
99 456 204
100 433 237
101 423 248
102 402 250
103 396 277
104 387 302
105 357 352
106 332 349
107 315 372
108 258 375
109 213 386
110 197 447
111 170 418
112 153 411
113 129 379
114 132 336
115 145 278
116 126 230
117 133 212
118 129 168
119 134 154
120 146 122
121 161 127
122 181 113
123 183 107
124 180 103
125 182 99
126 192 108
127 192 118
128 191 126
129 198 139
130 210 142
131 218 144
132 233 132
133 254 147
134 275 176
135 275 210
136 305 232
137 303 291
138 316 315
139 312 350
140 312 376
141 343 377
142 361 360
143 391 318
144 395 302
145 393 310
146 377 331
147 333 329
148 302 305
149 278 344
150 247 381
151 228 398
152 207 383
153 163 381
154 136 354
155 90 368
156 85 324
157 85 286
158 94 278
159 104 249
160 121 198
161 138 192
162 163 172
163 191 133
164 239 117
165 299 121
166 390 105
167 435 108
168 507 102
169 573 103
170 588 123
171 609 151
172 570 183
173 534 215
174 495 245
175 431 296
176 370 326
177 345 376
178 296 404
179 292 423
180 316 429
181 302 419
182 265 392
183 252 352
184 226 344
185 218 333
186 213 330
187 203 323
188 167 339
189 145 371
190 134 401
191 102 397
192 94 384
193 93 324
194 102 304
195 114 270
196 130 221
197 155 177
198 179 148
199 215 116
200 248 99
201 275 105
202 322 130
203 365 127
204 388 142
205 419 172
206 444 184
207 443 206
208 468 208
209 458 241
210 422 277
211 374 336
212 384 374
213 411 345
214 417 367
215 394 353
216 385 341
217 372 340
218 315 345
219 265 352
220 231 345
221 203 355
222 168 362
223 140 358
224 123 355
225 91 292
226 98 273
227 111 292
228 121 287
229 141 249
230 154 198
231 186 169
232 215 194
233 236 168
234 252 147
235 297 146
236 310 152
237 323 172
238 327 197
239 350 209
240 338 250
241 329 274
242 319 324
243 327 312
244 315 292
245 298 309
246 281 311
247 288 312
248 299 319
249 307 305
250 303 266
251 279 272
252 267 259
253 267 257
254 250 270
255 233 307
256 187 333
257 163 347
258 133 378
259 90 399
260 69 355
261 69 306
262 70 300
263 79 272
264 88 238
265 100 207
266 125 145
267 150 125
268 173 94
269 192 89
270 224 85
271 257 63
272 293 62
273 315 70
274 315 80
275 327 96
276 326 98
277 350 96
278 359 99
279 355 124
280 392 144
281 451 149
282 467 165
283 466 187
284 493 205
285 459 218
286 471 216
287 505 222
288 529 238
289 561 258
290 566 271
291 568 307
292 560 315
293 582 359
294 567 395
295 566 448
296 544 449
297 547 475
298 519 456
299 477 433
300 444 420
301 374 385
302 335 402
303 269 400
304 246 368
305 204 311
306 208 280
307 197 254
308 193 217
309 181 189
310 179 180
311 185 187
312 189 176
313 202 131
314 224 129
315 221 140
316 226 134
317 230 129
318 239 134
319 236 130
320 230 146
321 239 136
322 273 151
323 304 150
324 284 171
325 283 181
326 294 190
327 308 222
328 339 223
329 335 223
330 370 219
331 385 236
332 408 233
333 433 242
334 394 275
335 377 294
336 335 307
337 320 316
338 320 351
339 281 377
340 247 379
341 242 378
342 229 374
343 198 372
344 190 344
345 183 295
346 167 269
347 150 255
348 155 240
349 148 215
350 164 202
351 169 212
352 148 226
353 154 217
354 157 226
355 145 238
356 154 258
357 150 286
358 165 264
359 166 245
360 184 216
361 199 206
362 203 193
363 176 199
364 183 197
365 186 220
366 175 235
367 186 261
368 184 307
369 171 306
370 170 358
371 165 400
372 159 390
373 168 404
374 152 441
375 169 461
376 159 462
377 153 443
378 148 416
379 137 399
380 136 354
381 117 348
382 106 349
383 101 310
384 94 334
385 89 314
386 83 324
387 82 351
388 89 354
389 82 313
390 91 316
391 87 305
392 96 292
393 111 265
394 104 260
395 97 250
396 94 268
397 88 259
398 92 255
399 91 278
400 92 283
401 90 312
402 89 327
403 95 308
404 103 309
405 103 327
406 103 299
407 108 303
408 114 276
409 122 267
410 143 281
411 165 283
412 189 269
413 213 277
414 239 264
415 258 252
416 265 270
417 288 270
418 316 288
419 315 305
420 302 323
421 288 333
422 270 364
423 269 382
424 252 397
425 241 411
426 242 401
427 247 355
428 260 348
429 265 365
430 280 384
431 321 422
432 329 437
433 339 399
434 352 410
435 357 440
436 377 494
437 364 536
438 361 575
439 320 657
440 278 729
441 199 850
442 189 976
443 159 1085
444 130 1110
445 88 1168
446 64 1106
447 57 1091
448 46 1053
449 51 981
450 46 960
451 44 839
452 51 759
453 64 615
454 80 538
455 96 432
456 108 397
457 115 300
458 112 219
459 111 199
460 105 186
461 105 180
462 116 183
463 105 201
464 107 236
465 111 229
466 119 228
467 115 251
468 107 251
469 100 280
470 85 313
471 79 349
472 69 389
473 70 426
474 65 458
475 63 470
476 49 460
477 50 446
478 60 451
479 55 445
480 63 450
481 53 453
482 54 482
483 60 512
484 57 500
485 61 509
486 66 554
487 69 528
488 78 528
489 90 490
490 102 510
491 124 557
492 151 538
493 171 534
494 197 574
495 212 539
496 239 540
497 255 570
498 269 597
499 279 681
