0 23 36 
1 25 68 
2 29 125 
3 32 47 
4 33 23 
5 39 33 
6 49 32 
7 60 20 
8 72 9 
9 75 3 
10 88 5 
11 112 10 
12 126 11 
13 142 2 
14 155 4 
15 175 8 
16 203 14 
17 223 11 
18 250 16 
19 273 7 
20 315 14 
21 355 26 
22 414 18 
23 449 18 
24 523 31 
25 574 44 
26 605 67 
27 649 125 
28 658 151 
29 670 173 
30 691 218 
31 648 337 
32 610 494 
33 590 638 
34 533 650 
35 473 704 
36 425 637 
37 381 509 
38 337 362 
39 287 331 
40 236 319 
41 190 323 
42 168 292 
43 141 245 
44 122 193 
45 114 113 
46 99 72 
47 94 48 
48 82 51 
49 94 40 
50 86 28 
51 78 26 
52 77 17 
53 81 17 
54 87 21 
55 99 0 
56 101 0 
57 112 0 
58 121 0 
59 123 0 
60 135 0 
61 154 0 
62 179 0 
63 205 0 
64 227 0 
65 248 0 
66 289 0 
67 336 0 
68 355 0 
69 384 0 
70 440 0 
71 481 0 
72 523 0 
73 561 0 
74 606 0 
75 676 0 
76 754 0 
77 782 0 
78 808 0 
79 840 0 
80 855 0 
81 842 0 
82 820 0 
83 794 0 
84 741 0 
85 705 0 
86 674 0 
87 621 0 
88 575 0 
89 544 0 
90 549 0 
91 532 0 
92 475 0 
93 434 0 
94 390 0 
95 370 0 
96 353 0 
97 341 0 
98 330 0 
99 335 0 
100 314 0 
101 279 0 
102 267 0 
103 251 0 
104 258 0 
105 235 0 
106 228 0 
107 237 0 
108 222 0 
109 241 0 
110 237 0 
111 227 0 
112 243 0 
113 264 0 
114 235 0 
115 222 0 
116 242 0 
117 257 0 
118 240 0 
119 241 0 
120 256 0 
121 274 0 
122 286 0 
123 307 0 
124 295 0 
125 269 0 
126 296 0 
127 309 0 
128 317 0 
129 333 0 
130 329 0 
131 315 0 
132 292 0 
133 297 0 
134 301 0 
135 299 0 
136 296 0 
137 293 0 
138 278 0 
139 265 0 
140 269 0 
141 274 0 
142 279 0 
143 283 0 
144 298 0 
145 293 0 
146 269 0 
147 259 0 
148 265 0 
149 254 0 
150 254 0 
151 253 0 
152 247 0 
153 241 0 
154 251 0 
155 244 0 
156 238 0 
157 217 0 
158 209 0 
159 219 0 
160 227 0 
161 222 0 
162 241 0 
163 247 0 
164 278 0 
165 278 0 
166 291 0 
167 303 0 
168 304 0 
169 323 0 
170 335 0 
171 342 0 
172 342 0 
173 355 0 
174 370 0 
175 373 0 
176 359 0 
177 352 0 
178 359 0 
179 362 0 
180 335 0 
181 303 0 
182 282 0 
183 269 0 
184 275 0 
185 279 0 
186 279 0 
187 262 0 
188 247 0 
189 235 0 
190 227 0 
191 214 0 
192 216 0 
193 217 0 
194 215 0 
195 217 0 
196 235 0 
197 220 0 
198 230 0 
199 228 0 
200 233 0 
201 248 0 
202 264 0 
203 255 0 
204 255 0 
205 264 0 
206 272 0 
207 288 0 
208 299 0 
209 304 0 
210 304 0 
211 284 0 
212 273 0 
213 281 0 
214 277 0 
215 305 0 
216 302 0 
217 316 0 
218 318 0 
219 318 0 
220 314 0 
221 317 0 
222 307 0 
223 287 0 
224 278 0 
225 263 0 
226 278 0 
227 278 0 
228 269 0 
229 266 0 
230 250 0 
231 261 0 
232 266 0 
233 269 0 
234 277 0 
235 284 0 
236 299 0 
237 289 0 
238 284 0 
239 288 0 
240 266 0 
241 265 0 
242 269 0 
243 251 0 
244 272 0 
245 259 0 
246 245 0 
247 261 0 
248 262 0 
249 276 0 
250 257 0 
251 266 0 
252 261 0 
253 265 0 
254 280 0 
255 289 0 
256 282 0 
257 277 0 
258 275 0 
259 270 0 
260 267 0 
261 267 0 
262 265 0 
263 261 0 
264 277 0 
265 258 0 
266 271 0 
267 263 0 
268 258 0 
269 278 0 
270 301 0 
271 309 0 
272 308 0 
273 292 0 
274 301 0 
275 324 0 
276 346 0 
277 337 0 
278 315 0 
279 318 0 
280 318 0 
281 318 0 
282 304 0 
283 300 0 
284 303 0 
285 296 0 
286 281 0 
287 277 0 
288 291 0 
289 298 0 
290 291 0 
291 270 0 
292 268 0 
293 276 0 
294 270 0 
295 281 0 
296 255 0 
297 242 0 
298 228 0 
299 242 0 
300 220 0 
301 228 0 
302 242 0 
303 262 0 
304 264 0 
305 280 0 
306 284 0 
307 284 0 
308 290 0 
309 292 0 
310 285 0 
311 272 0 
312 277 0 
313 277 0 
314 260 0 
315 241 0 
316 268 0 
317 270 0 
318 274 0 
319 281 0 
320 275 0 
321 269 0 
322 266 0 
323 281 0 
324 294 0 
325 274 0 
326 266 0 
327 257 0 
328 254 0 
329 243 0 
330 271 0 
331 276 0 
332 287 0 
333 286 0 
334 289 0 
335 269 0 
336 272 0 
337 286 0 
338 279 0 
339 255 0 
340 234 0 
341 230 0 
342 243 0 
343 244 0 
344 242 0 
345 249 0 
346 250 0 
347 259 0 
348 277 0 
349 273 0 
350 268 0 
351 274 0 
352 288 0 
353 308 0 
354 313 0 
355 291 0 
356 283 0 
357 290 0 
358 273 0 
359 268 0 
360 247 0 
361 271 0 
362 274 0 
363 267 0 
364 282 0 
365 261 0 
366 258 0 
367 254 0 
368 234 0 
369 230 0 
370 231 0 
371 221 0 
372 233 0 
373 259 0 
374 253 0 
375 246 0 
376 234 0 
377 245 0 
378 254 0 
379 253 0 
380 251 0 
381 234 0 
382 242 0 
383 246 0 
384 261 0 
385 283 0 
386 289 0 
387 294 0 
388 321 0 
389 326 0 
390 348 0 
391 357 0 
392 360 0 
393 361 0 
394 365 0 
395 365 0 
396 363 0 
397 356 0 
398 336 0 
399 337 0 
400 333 0 
401 340 0 
402 303 0 
403 277 0 
404 288 0 
405 289 0 
406 270 0 
407 253 0 
408 251 0 
409 267 0 
410 266 0 
411 265 0 
412 257 0 
413 251 0 
414 226 0 
415 229 0 
416 225 0 
417 219 0 
418 234 0 
419 244 0 
420 265 0 
421 256 0 
422 235 0 
423 246 0 
424 252 0 
425 266 0 
426 262 0 
427 265 0 
428 268 0 
429 241 0 
430 259 0 
431 245 0 
432 259 0 
433 269 0 
434 281 0 
435 283 0 
436 267 0 
437 252 0 
438 255 0 
439 263 0 
440 278 0 
441 260 0 
442 259 0 
443 262 0 
444 286 0 
445 306 0 
446 293 0 
447 266 0 
448 266 0 
449 265 0 
450 278 0 
451 270 0 
452 268 0 
453 278 0 
454 270 0 
455 263 0 
456 243 0 
457 242 0 
458 240 0 
459 251 0 
460 258 0 
461 257 0 
462 272 0 
463 291 0 
464 280 0 
465 295 0 
466 301 0 
467 323 0 
468 327 0 
469 324 0 
470 308 0 
471 273 0 
472 287 0 
473 296 0 
474 281 0 
475 289 0 
476 291 0 
477 299 0 
478 289 0 
479 288 0 
480 280 0 
481 265 0 
482 251 0 
483 250 0 
484 239 0 
485 239 0 
486 253 0 
487 258 0 
488 251 0 
489 255 0 
490 270 0 
491 269 0 
492 263 0 
493 278 0 
494 284 0 
495 282 0 
496 303 0 
497 318 0 
498 297 0 
499 290 0 
500 279 0 
501 271 0 
502 261 0 
503 244 0 
504 234 0 
505 249 0 
506 257 0 
507 250 0 
508 261 0 
509 273 0 
510 264 0 
511 265 0 
512 255 0 
513 247 0 
514 242 0 
515 254 0 
516 262 0 
517 252 0 
518 259 0 
519 269 0 
520 272 0 
521 280 0 
522 290 0 
523 293 0 
524 300 0 
525 286 0 
526 300 0 
527 306 0 
528 322 0 
529 327 0 
530 313 0 
531 326 0 
532 317 0 
533 339 0 
534 347 0 
535 338 0 
536 322 0 
537 341 0 
538 329 0 
539 307 0 
540 278 0 
541 276 0 
542 283 0 
543 255 0 
544 253 0 
545 260 0 
546 262 0 
547 265 0 
548 256 0 
549 267 0 
550 267 0 
551 275 0 
552 276 0 
553 294 0 
554 284 0 
555 298 0 
556 286 0 
557 264 0 
558 280 0 
559 270 0 
560 245 0 
561 252 0 
562 259 0 
563 254 0 
564 248 0 
565 251 0 
566 265 0 
567 237 0 
568 239 0 
569 246 0 
570 268 0 
571 261 0 
572 279 0 
573 272 0 
574 285 0 
575 271 0 
576 256 0 
577 281 0 
578 288 0 
579 298 0 
580 326 0 
581 322 0 
582 327 0 
583 339 0 
584 328 0 
585 331 0 
586 326 0 
587 304 0 
588 301 0 
589 292 0 
590 285 0 
591 280 0 
592 274 0 
593 263 0 
594 238 0 
595 249 0 
596 257 0 
597 260 0 
598 250 0 
599 260 0 
